96
29
16
56
50
100
32
41
38
30
11
51
30
82
122
42
22
47
70
29
65
45
57
66
52
23
97
108
116
92
90
3
28
117
93
65
119
67
22
48
32
82
111
45
16
95
34
17
104
127
43
70
53
21
45
115
41
35
21
108
0
92
60
21
22
77
40
94
38
7
25
119
67
96
56
93
66
119
72
67
91
25
99
125
72
112
93
15
17
87
78
24
2
44
11
17
118
27
24
86
22
70
122
15
97
111
43
58
52
60
48
88
104
79
31
92
10
58
100
107
119
32
77
1
107
115
127
24
89
29
22
50
4
38
1
115
51
25
27
42
103
98
41
48
58
15
55
1
13
90
99
67
23
121
35
82
2
5
23
127
70
85
4
100
58
104
61
71
113
48
125
84
54
46
25
27
38
107
126
33
111
66
120
37
125
47
45
59
33
100
24
65
51
106
65
26
3
127
45
49
124
64
96
110
6
87
126
108
67
35
13
110
72
85
46
4
78
107
28
121
108
80
28
126
69
52
75
127
46
125
15
6
91
1
13
83
22
11
27
41
101
7
78
5
79
43
54
83
9
104
60
65
67
18
111
56
28
49
58
46
88
23
12
16
81
19
21
9
37
83
25
45
70
82
117
49
95
23
27
71
125
121
83
62
56
71
0
29
90
45
83
15
75
111
4
41
69
41
125
24
62
26
87
105
9
100
54
53
53
26
57
21
52
43
55
123
55
119
36
21
59
73
111
102
30
125
65
109
60
111
95
74
89
28
39
13
101
112
120
111
19
3
49
109
20
72
123
100
49
37
97
88
103
51
4
77
110
69
68
67
44
115
43
61
27
109
68
87
57
11
60
126
13
15
36
